vehicle_controller: # Name of node
  ros__parameters: # ROS parameters
    # WP: [latitude, longitude, relative altitude]
    gps_WP1: [37.246353, 126.667082, 5.0]
    gps_WP2: [37.24643313834738, 126.66717846052086, 5.0]
    gps_WP3: [37.24643313570538, 126.6673380860064, 5.0]
    gps_WP4: [37.24635035397718, 126.66746384475482, 5.0]
    gps_WP5: [37.24624350814046, 126.66744450299677, 5.0]
    gps_WP6: [37.24617130504232, 126.66735984773635, 5.0]
    gps_WP7: [37.2462001869423, 126.66723166800006, 5.0]
