vehicle_controller: # Name of node
  ros__parameters: # ROS parameters
    fast_vmax: 5.0
    slow_vmax: 3.0
    angle: 10.0
    # WP: [latitude, longitude, relative altitude]
    gps_WP1: [37.4651882, 126.9502005, 5.0]
    gps_WP2: [37.4651553, 126.9502630, 5.0]
    gps_WP3: [37.4651225, 126.9503254, 5.0]
    gps_WP4: [37.4650897, 126.9503879, 5.0]
    gps_WP5: [37.4650568, 126.9504504, 5.0]
    gps_WP6: [37.4649583, 126.9506378, 5.0]
    gps_WP7: [37.4646111, 126.9503420, 5.0]
