vehicle_controller: # Name of node
  ros__parameters: # ROS parameters
    logging: True
    num_WP: 7
    # WP: [latitude, longitude, relative altitude]
    gps_WP1: [37.24581370266835, 126.66727122712734, 30.0]
    gps_WP2: [37.246422486449326, 126.66875169462827, 30.0]
    gps_WP3: [37.24758184973956, 126.6687500222846, 30.0]
    gps_WP4: [37.248244, 126.667317, 30.0]
    gps_WP5: [37.24767177191332, 126.66582812280274, 30.0]
    gps_WP6: [37.24643297341534, 126.6657583921887, 30.0]
    gps_WP7: [37.24611375777376, 126.66630743347565, 30.0]
