vehicle_controller: # Name of node
  ros__parameters: # ROS parameters
    logging: False
    # WP: [latitude, longitude, relative altitude]
    gps_WP1: [37.2463533, 126.6670817, 60.0]
    gps_WP2: [37.24860591172966, 126.6670817, 60.0]
    gps_WP3: [37.24770486177712, 126.66595458505905, 60.0]
    gps_WP4: [37.24770486714132, 126.6670817, 45.0]
    gps_WP5: [37.24770486177712, 126.66820881494095, 45.0]
    gps_WP6: [37.248155377383135, 126.668772382476, 60.0]
    gps_WP7: [37.247254343454316, 126.66764525411561, 60.0]
