vehicle_controller: # Name of node
  ros__parameters: # ROS parameters
    velocity: 5
    angle: 15
    gps_WP1: [37.464624, 126.950060, 69.2810471]
    gps_WP2: [37.464689, 126.952328, 69.2466326]
    gps_WP3: [37.463140, 126.950369, 68.8169444]
