vehicle_controller: # Name of node
  ros__parameters: # ROS parameters
    gps_WP1: [37.4651467, 126.9501365, 68.8169444]
    gps_WP2: [37.4650791, 126.9502568, 69.2466326]
    gps_WP3: [37.4649845, 126.9501700, 69.2810471]
    gps_WP4: [37.4650517, 126.9500504, 68.8591316]
