vehicle_controller: # Name of node
  ros__parameters: # ROS parameters
    velocity: 3.0
    gps_WP1: [37.464882, 126.949996, 68.8169444]
    gps_WP2: [37.464798, 126.950160, 69.2466326]
    gps_WP3: [37.464690, 126.950056, 69.2810471]
