vehicle_controller: # Name of node
  ros__parameters: # ROS parameters
    logging: True
    num_WP: 7
    vmax: 5.0
    # WP: [latitude, longitude, relative altitude]
    gps_WP1: [37.2463533, 126.6670817, 60.0]
    gps_WP2: [37.2473166, 126.6697254, 60.0]
    gps_WP3: [37.2484735, 126.6658183, 60.0]
    gps_WP4: [37.2471855, 126.6665853, 20.0]
    gps_WP5: [37.2454945, 126.6675383, 20.0]
    gps_WP6: [37.2446592, 126.6689162, 40.0]
    gps_WP7: [37.2454625, 126.6671523, 40.0]
