vehicle_controller: # Name of node
  ros__parameters: # ROS parameters
    vmax: 5.0
    # WP: [latitude, longitude, relative altitude]
    # 37.465194. 126.950070
    gps_WP1: [37.465129, 126.950059, 8.0]
    gps_WP2: [37.464532, 126.950008, 5.0]
    gps_WP3: [37.465129, 126.950059, 8.0]
    gps_WP4: [37.464532, 126.950008, 5.0]
    gps_WP5: [37.465129, 126.950059, 8.0]
    gps_WP6: [37.464532, 126.950008, 5.0]
    gps_WP7: [37.465129, 126.950059, 8.0]
    gps_WP8: [37.464532, 126.950008, 5.0]
    
