image_width: 640
image_height: 480
camera_name: test_camera
camera_matrix:
  rows: 3
  cols: 3
  data: [359.331029, 0.000000, 341.070426, 0.000000, 480.178845, 253.203280, 0.000000, 0.000000, 1.000000]
distortion_model: plumb_bob
distortion_coefficients:
  rows: 1
  cols: 5
  data: [-0.072119, 0.075846, -0.000666, 0.001136, 0.000000]
rectification_matrix:
  rows: 3
  cols: 3
  data: [1.000000, 0.000000, 0.000000, 0.000000, 1.000000, 0.000000, 0.000000, 0.000000, 1.000000]
projection_matrix:
  rows: 3
  cols: 4
  data: [362.746405, 0.000000, 339.542355, 0.000000, 0.000000, 486.363260, 252.200167, 0.000000, 0.000000, 0.000000, 1.000000, 0.000000]
