image_width: 1280
image_height: 720
camera_name: narrow_stereo
camera_matrix:
  rows: 3
  cols: 3
  data: [720.240160, 0.000000, 669.015024, 0.000000, 719.391568, 378.989379, 0.000000, 0.000000, 1.000000]
distortion_model: plumb_bob
distortion_coefficients:
  rows: 1
  cols: 5
  data: [-0.066524, 0.060770, 0.000229, -0.001440, 0.000000]
rectification_matrix:
  rows: 3
  cols: 3
  data: [1.000000, 0.000000, 0.000000, 0.000000, 1.000000, 0.000000, 0.000000, 0.000000, 1.000000]
projection_matrix:
  rows: 3
  cols: 4
  data: [719.365789, 0.000000, 663.952993, 0.000000, 0.000000, 721.775137, 378.673474, 0.000000, 0.000000, 0.000000, 1.000000, 0.000000]
